0130538590009SJ202606M0000103000002
02232899239341                                                           072001068800003880865403020260630000000003
03232899239341000      00000 000000059858600C      
03232899239341100      00000 000000001358630C      
03232899239341150      00000 000000003342970C      
03232899239341700      00000 000000007376510C      
03232899239341750      00000 000000005000000C      
03232899239342200      00000 000000038468355C      
03232899239345000      01100 000000012694557D      
03232899239345050      00300 000000003462152D      
03232899239345100      00300 000000003462152D      
03232899239345150      00000 000000000162352D      
03232899239345200      00200 000000002308101D      
03232899239345250      00100 000000001154051D      
03232899239345300      00100 000000001154051D      
03232899239345350      00075 000000000865538D      
03232899239349000      00000 000000000000089C      
02242692728010                                                           072001068800003853212203020260630000000003
04232899239340000001065000000101049010100000000030000000000059858600000000017078110000000000000000000000038468355000000000000000000000000000089000000000000000000000001154051540000001154050650000001154050650000001154050650000001208167980000001154050650000000000000000000000000000000000001208167980000001154050650000001150548810000000003501841   000000000000000000000000000000000000000000000000000000000000
04242692728010000001257070000101049010100000000030000000000000000000000000000000000000000000000000000000000000000000000000000000000000000000000000000000000000000000000000000000000000000000000000000000000000000000000000000000000000000000000000000000000000000000000000000000000000000000000000000000000000000000000000000000000000000000007003681   000000000000000000000000000000000000000000000000000000000000
