0130630042670SJ202606M0000103000003
02201763283992                                                           072055838800000075217203020260630000000003
03201763283991000      00000 000000126069700C      
03201763283991100      00000 000000006210880C      
03201763283991150      00000 000000003654981C      
03201763283991350      00000 000000002648650C      
03201763283991700      00000 000000007376510C      
03201763283991750      00000 000000010000000C      
03201763283992200      00000 000000077980361C      
03201763283995000      01100 000000025733519D      
03201763283995050      00300 000000007018232D      
03201763283995100      00300 000000007018232D      
03201763283995200      00200 000000004678822D      
03201763283995250      00100 000000002339411D      
03201763283995300      00100 000000002339411D      
03201763283995350      00075 000000001754558D      
03201763283999000      00000 000000000000003C      
02209472604819                                                           072055838800000075576803020260630000000003
03209472604811000      00000 000000112799100C      
03209472604811650      00000 000000004884204C      
03209472604811700      00000 000000007376510C      
03209472604811750      00000 000000010000000C      
03209472604812200      00000 000000067529907C      
03209472604815000      01100 000000022284869D      
03209472604815050      00300 000000006077692D      
03209472604815100      00300 000000006077692D      
03209472604815200      00200 000000004051794D      
03209472604815250      00100 000000002025897D      
03209472604815300      00100 000000002025897D      
03209472604815350      00075 000000001519423D      
03209472604819000      00000 000000000000043C      
022325028879418                                                          072032668800003755068603020260630000000003
04201763283990000001211010000101049010100000000030000000000126069700000000029891021000000000000000000000077980361000000000000000000000000000003000000000000000000000002339410850000002339410820000002339410820000002339410820000002339410820000002339410820000000000000000000000000000000000002339410820000002339410820000002332407140000000007003681   000000000000000000000000000000000000000000000000000000000000
04209472604810000001065000000101049010100000000030000000000112799100000000022260714000000000000000000000067529907000000000000000000000000000043000000000000000000000002025897640000002025897210000002025897210000002025897210000002025897210000002025897210000000000000000000000000000000000002025897210000002025897210000002018893530000000007003681   000000000000000000000000000000000000000000000000000000000000
04232502887940000001269080000101049010100000000030000000000000000000000000000000000000000000000000000000000000000000000000000000000000000000000000000000000000000000000000000000000000000000000000000000000000000000000000000000000000000000000000000000000000000000000000000000000000000000000000000000000000000000000000000000000000000000007003681   000000000000000000000000000000000000000000000000000000000000
